6

5
3 3 3
2 2 2
1 1 1
9 9 9
8 8 8

10
19 19 19
7 7 7
11 11 11
12 12 12
18 18 18
9 9 9
14 14 14
12 12 12
11 11 11
11 11 11

25
47 45 23
1 25 35
45 28 26
19 30 16
43 34 18
44 3 23
30 29 23
27 30 1
2 10 5
14 5 2
21 13 49
27 48 19
37 9 42
30 12 37
33 11 9
20 48 12
2 44 18
26 10 19
16 29 27
25 22 2
14 45 40
15 29 22
44 21 29
19 49 41
36 27 35

50
84 90 72
45 100 3
94 38 21
89 75 48
69 21 6
51 95 79
70 44 39
15 22 2
54 42 30
68 98 44
73 94 32
13 97 81
43 97 66
31 18 32
43 29 99
76 12 33
81 25 59
54 64 43
25 42 47
77 22 38
37 83 44
85 62 88
54 53 94
90 16 56
29 6 5
44 6 64
8 26 45
18 74 96
42 88 49
34 48 21
3 94 48
98 26 35
5 76 77
21 25 62
4 13 53
80 84 73
64 78 85
74 19 40
34 96 58
77 28 56
35 69 27
45 72 24
61 1 82
10 52 83
48 83 4
53 74 27
36 30 4
94 50 31
94 45 99
84 17 51

75
57 33 31
92 42 32
51 38 73
57 68 40
46 75 60
68 24 97
92 79 7
55 41 63
44 33 90
93 47 97
93 51 25
54 37 27
29 74 27
42 33 24
71 44 46
89 51 7
89 75 55
11 7 67
19 1 12
97 66 50
28 48 51
51 68 81
100 41 83
79 92 44
71 45 99
88 96 5
19 31 29
37 91 35
15 72 7
22 36 73
98 94 52
42 50 87
65 60 44
57 96 30
16 98 19
11 1 28
5 66 57
53 33 40
80 90 55
31 37 96
85 66 40
56 79 64
72 67 62
67 89 46
2 51 38
72 99 24
10 69 84
30 66 42
50 8 45
87 49 95
58 39 38
87 18 59
49 77 79
14 84 13
12 50 82
77 4 94
94 96 68
54 81 77
95 98 41
17 27 85
4 24 47
25 66 30
80 78 70
98 62 53
21 80 9
90 91 37
89 78 54
6 5 63
64 80 68
39 72 8
66 63 51
57 86 84
57 41 29
20 41 44
10 60 54

100
24 25 37
11 69 45
35 23 100
47 6 66
63 22 49
33 45 95
56 44 84
63 27 64
28 16 49
100 84 75
52 18 74
42 87 53
59 97 45
97 84 37
25 48 2
97 60 81
84 79 52
71 36 77
31 40 23
33 45 88
17 94 43
29 60 85
12 16 96
73 74 18
11 36 15
45 73 62
76 45 40
8 14 59
70 18 72
2 20 47
13 81 3
84 84 77
86 24 1
25 37 83
63 86 7
37 69 64
26 80 66
19 46 8
18 24 37
63 94 50
32 4 51
5 70 69
58 61 1
80 31 5
12 79 17
24 16 73
10 15 42
92 43 92
4 40 11
4 24 54
38 50 6
17 87 33
97 86 56
56 21 79
62 100 21
35 77 8
74 76 52
95 79 12
41 34 70
49 80 20
69 40 39
62 52 11
96 84 90
29 77 26
89 55 76
32 29 33
90 60 64
52 27 65
28 7 58
87 61 84
85 25 46
36 23 18
56 2 85
7 83 87
87 18 96
73 14 47
5 44 16
64 73 72
52 77 37
27 79 60
19 97 86
24 82 85
37 89 39
74 27 80
95 92 100
51 7 47
93 61 5
51 18 75
41 50 16
93 5 86
49 91 79
46 86 21
38 92 45
65 60 51
67 75 45
16 8 69
56 26 49
16 70 18
45 73 46
44 19 52
